(kicad_pcb (version 20171130) (host pcbnew "(5.1.2)-2")

  (general
    (thickness 1.6)
    (drawings 8)
    (tracks 117)
    (zones 0)
    (modules 116)
    (nets 92)
  )

  (page A4)
  (layers
    (0 F.Cu signal)
    (31 B.Cu signal)
    (32 B.Adhes user)
    (33 F.Adhes user)
    (34 B.Paste user)
    (35 F.Paste user)
    (36 B.SilkS user)
    (37 F.SilkS user)
    (38 B.Mask user)
    (39 F.Mask user)
    (40 Dwgs.User user)
    (41 Cmts.User user)
    (42 Eco1.User user)
    (43 Eco2.User user)
    (44 Edge.Cuts user)
    (45 Margin user)
    (46 B.CrtYd user)
    (47 F.CrtYd user)
    (48 B.Fab user)
    (49 F.Fab user)
  )

  (setup
    (last_trace_width 0.25)
    (user_trace_width 0.1524)
    (user_trace_width 0.2032)
    (user_trace_width 0.3048)
    (trace_clearance 0.2)
    (zone_clearance 0.508)
    (zone_45_only no)
    (trace_min 0.1524)
    (via_size 0.8)
    (via_drill 0.4)
    (via_min_size 0.1524)
    (via_min_drill 0.0762)
    (uvia_size 0.3)
    (uvia_drill 0.1)
    (uvias_allowed no)
    (uvia_min_size 0.2)
    (uvia_min_drill 0.1)
    (edge_width 0.05)
    (segment_width 0.2)
    (pcb_text_width 0.3)
    (pcb_text_size 1.5 1.5)
    (mod_edge_width 0.12)
    (mod_text_size 1 1)
    (mod_text_width 0.15)
    (pad_size 1.524 1.524)
    (pad_drill 0.762)
    (pad_to_mask_clearance 0.051)
    (solder_mask_min_width 0.25)
    (aux_axis_origin 0 0)
    (visible_elements 7FFFFFFF)
    (pcbplotparams
      (layerselection 0x010fc_ffffffff)
      (usegerberextensions false)
      (usegerberattributes false)
      (usegerberadvancedattributes false)
      (creategerberjobfile false)
      (excludeedgelayer true)
      (linewidth 0.100000)
      (plotframeref false)
      (viasonmask false)
      (mode 1)
      (useauxorigin false)
      (hpglpennumber 1)
      (hpglpenspeed 20)
      (hpglpendiameter 15.000000)
      (psnegative false)
      (psa4output false)
      (plotreference true)
      (plotvalue true)
      (plotinvisibletext false)
      (padsonsilk false)
      (subtractmaskfromsilk false)
      (outputformat 1)
      (mirror false)
      (drillshape 1)
      (scaleselection 1)
      (outputdirectory ""))
  )

  (net 0 "")
  (net 1 XTAL1)
  (net 2 GND)
  (net 3 XTAL2)
  (net 4 "Net-(C3-Pad1)")
  (net 5 "Net-(C4-Pad1)")
  (net 6 VCC)
  (net 7 "Net-(D1-Pad1)")
  (net 8 R0)
  (net 9 "Net-(D2-Pad1)")
  (net 10 "Net-(D3-Pad1)")
  (net 11 "Net-(D4-Pad1)")
  (net 12 "Net-(D5-Pad1)")
  (net 13 "Net-(D6-Pad1)")
  (net 14 "Net-(D7-Pad1)")
  (net 15 "Net-(D8-Pad1)")
  (net 16 "Net-(D9-Pad1)")
  (net 17 "Net-(D10-Pad1)")
  (net 18 "Net-(D11-Pad1)")
  (net 19 "Net-(D12-Pad1)")
  (net 20 R1)
  (net 21 "Net-(D13-Pad1)")
  (net 22 "Net-(D14-Pad1)")
  (net 23 "Net-(D15-Pad1)")
  (net 24 "Net-(D16-Pad1)")
  (net 25 "Net-(D17-Pad1)")
  (net 26 "Net-(D18-Pad1)")
  (net 27 "Net-(D19-Pad1)")
  (net 28 "Net-(D20-Pad1)")
  (net 29 "Net-(D21-Pad1)")
  (net 30 "Net-(D22-Pad1)")
  (net 31 "Net-(D23-Pad1)")
  (net 32 "Net-(D24-Pad1)")
  (net 33 "Net-(D25-Pad1)")
  (net 34 R2)
  (net 35 "Net-(D26-Pad1)")
  (net 36 "Net-(D27-Pad1)")
  (net 37 "Net-(D28-Pad1)")
  (net 38 "Net-(D29-Pad1)")
  (net 39 "Net-(D30-Pad1)")
  (net 40 "Net-(D31-Pad1)")
  (net 41 "Net-(D32-Pad1)")
  (net 42 "Net-(D33-Pad1)")
  (net 43 "Net-(D34-Pad1)")
  (net 44 "Net-(D35-Pad1)")
  (net 45 "Net-(D36-Pad1)")
  (net 46 "Net-(D37-Pad1)")
  (net 47 R3)
  (net 48 "Net-(D38-Pad1)")
  (net 49 "Net-(D39-Pad1)")
  (net 50 "Net-(D40-Pad1)")
  (net 51 "Net-(D41-Pad1)")
  (net 52 "Net-(D42-Pad1)")
  (net 53 "Net-(D43-Pad1)")
  (net 54 "Net-(D44-Pad1)")
  (net 55 "Net-(D45-Pad1)")
  (net 56 "Net-(D46-Pad1)")
  (net 57 "Net-(D47-Pad1)")
  (net 58 "Net-(D48-Pad1)")
  (net 59 VBUS)
  (net 60 "Net-(J1-PadB8)")
  (net 61 "Net-(J1-PadA7)")
  (net 62 "Net-(J1-PadA6)")
  (net 63 "Net-(J1-PadB5)")
  (net 64 "Net-(J1-PadA5)")
  (net 65 "Net-(J1-PadA8)")
  (net 66 D-)
  (net 67 D+)
  (net 68 RESET)
  (net 69 "Net-(R6-Pad1)")
  (net 70 "Net-(R7-Pad1)")
  (net 71 C0)
  (net 72 C1)
  (net 73 C2)
  (net 74 C3)
  (net 75 C4)
  (net 76 C5)
  (net 77 C6)
  (net 78 C7)
  (net 79 C8)
  (net 80 C9)
  (net 81 C10)
  (net 82 C11)
  (net 83 "Net-(U1-Pad1)")
  (net 84 "Net-(U1-Pad31)")
  (net 85 "Net-(U1-Pad32)")
  (net 86 "Net-(U1-Pad36)")
  (net 87 "Net-(U1-Pad37)")
  (net 88 "Net-(U1-Pad38)")
  (net 89 "Net-(U1-Pad39)")
  (net 90 "Net-(U1-Pad40)")
  (net 91 "Net-(U1-Pad41)")

  (net_class Default "これはデフォルトのネット クラスです。"
    (clearance 0.2)
    (trace_width 0.25)
    (via_dia 0.8)
    (via_drill 0.4)
    (uvia_dia 0.3)
    (uvia_drill 0.1)
    (diff_pair_width 0.2032)
    (diff_pair_gap 0.25)
    (add_net C0)
    (add_net C1)
    (add_net C10)
    (add_net C11)
    (add_net C2)
    (add_net C3)
    (add_net C4)
    (add_net C5)
    (add_net C6)
    (add_net C7)
    (add_net C8)
    (add_net C9)
    (add_net D+)
    (add_net D-)
    (add_net GND)
    (add_net "Net-(C3-Pad1)")
    (add_net "Net-(C4-Pad1)")
    (add_net "Net-(D1-Pad1)")
    (add_net "Net-(D10-Pad1)")
    (add_net "Net-(D11-Pad1)")
    (add_net "Net-(D12-Pad1)")
    (add_net "Net-(D13-Pad1)")
    (add_net "Net-(D14-Pad1)")
    (add_net "Net-(D15-Pad1)")
    (add_net "Net-(D16-Pad1)")
    (add_net "Net-(D17-Pad1)")
    (add_net "Net-(D18-Pad1)")
    (add_net "Net-(D19-Pad1)")
    (add_net "Net-(D2-Pad1)")
    (add_net "Net-(D20-Pad1)")
    (add_net "Net-(D21-Pad1)")
    (add_net "Net-(D22-Pad1)")
    (add_net "Net-(D23-Pad1)")
    (add_net "Net-(D24-Pad1)")
    (add_net "Net-(D25-Pad1)")
    (add_net "Net-(D26-Pad1)")
    (add_net "Net-(D27-Pad1)")
    (add_net "Net-(D28-Pad1)")
    (add_net "Net-(D29-Pad1)")
    (add_net "Net-(D3-Pad1)")
    (add_net "Net-(D30-Pad1)")
    (add_net "Net-(D31-Pad1)")
    (add_net "Net-(D32-Pad1)")
    (add_net "Net-(D33-Pad1)")
    (add_net "Net-(D34-Pad1)")
    (add_net "Net-(D35-Pad1)")
    (add_net "Net-(D36-Pad1)")
    (add_net "Net-(D37-Pad1)")
    (add_net "Net-(D38-Pad1)")
    (add_net "Net-(D39-Pad1)")
    (add_net "Net-(D4-Pad1)")
    (add_net "Net-(D40-Pad1)")
    (add_net "Net-(D41-Pad1)")
    (add_net "Net-(D42-Pad1)")
    (add_net "Net-(D43-Pad1)")
    (add_net "Net-(D44-Pad1)")
    (add_net "Net-(D45-Pad1)")
    (add_net "Net-(D46-Pad1)")
    (add_net "Net-(D47-Pad1)")
    (add_net "Net-(D48-Pad1)")
    (add_net "Net-(D5-Pad1)")
    (add_net "Net-(D6-Pad1)")
    (add_net "Net-(D7-Pad1)")
    (add_net "Net-(D8-Pad1)")
    (add_net "Net-(D9-Pad1)")
    (add_net "Net-(J1-PadA5)")
    (add_net "Net-(J1-PadA6)")
    (add_net "Net-(J1-PadA7)")
    (add_net "Net-(J1-PadA8)")
    (add_net "Net-(J1-PadB5)")
    (add_net "Net-(J1-PadB8)")
    (add_net "Net-(R6-Pad1)")
    (add_net "Net-(R7-Pad1)")
    (add_net "Net-(U1-Pad1)")
    (add_net "Net-(U1-Pad31)")
    (add_net "Net-(U1-Pad32)")
    (add_net "Net-(U1-Pad36)")
    (add_net "Net-(U1-Pad37)")
    (add_net "Net-(U1-Pad38)")
    (add_net "Net-(U1-Pad39)")
    (add_net "Net-(U1-Pad40)")
    (add_net "Net-(U1-Pad41)")
    (add_net R0)
    (add_net R1)
    (add_net R2)
    (add_net R3)
    (add_net RESET)
    (add_net VBUS)
    (add_net VCC)
    (add_net XTAL1)
    (add_net XTAL2)
  )

  (module Capacitor_SMD:C_1206_3216Metric_Pad1.42x1.75mm_HandSolder (layer F.Cu) (tedit 5B301BBE) (tstamp 5D107A41)
    (at 114.705001 135.515001)
    (descr "Capacitor SMD 1206 (3216 Metric), square (rectangular) end terminal, IPC_7351 nominal with elongated pad for handsoldering. (Body size source: http://www.tortai-tech.com/upload/download/2011102023233369053.pdf), generated with kicad-footprint-generator")
    (tags "capacitor handsolder")
    (path /5DCC5F2E)
    (attr smd)
    (fp_text reference C1 (at 0 -1.82) (layer F.SilkS)
      (effects (font (size 1 1) (thickness 0.15)))
    )
    (fp_text value 22p (at 0 1.82) (layer F.Fab)
      (effects (font (size 1 1) (thickness 0.15)))
    )
    (fp_text user %R (at 0 0) (layer F.Fab)
      (effects (font (size 0.8 0.8) (thickness 0.12)))
    )
    (fp_line (start 2.45 1.12) (end -2.45 1.12) (layer F.CrtYd) (width 0.05))
    (fp_line (start 2.45 -1.12) (end 2.45 1.12) (layer F.CrtYd) (width 0.05))
    (fp_line (start -2.45 -1.12) (end 2.45 -1.12) (layer F.CrtYd) (width 0.05))
    (fp_line (start -2.45 1.12) (end -2.45 -1.12) (layer F.CrtYd) (width 0.05))
    (fp_line (start -0.602064 0.91) (end 0.602064 0.91) (layer F.SilkS) (width 0.12))
    (fp_line (start -0.602064 -0.91) (end 0.602064 -0.91) (layer F.SilkS) (width 0.12))
    (fp_line (start 1.6 0.8) (end -1.6 0.8) (layer F.Fab) (width 0.1))
    (fp_line (start 1.6 -0.8) (end 1.6 0.8) (layer F.Fab) (width 0.1))
    (fp_line (start -1.6 -0.8) (end 1.6 -0.8) (layer F.Fab) (width 0.1))
    (fp_line (start -1.6 0.8) (end -1.6 -0.8) (layer F.Fab) (width 0.1))
    (pad 2 smd roundrect (at 1.4875 0) (size 1.425 1.75) (layers F.Cu F.Paste F.Mask) (roundrect_rratio 0.175439)
      (net 1 XTAL1))
    (pad 1 smd roundrect (at -1.4875 0) (size 1.425 1.75) (layers F.Cu F.Paste F.Mask) (roundrect_rratio 0.175439)
      (net 2 GND))
    (model ${KISYS3DMOD}/Capacitor_SMD.3dshapes/C_1206_3216Metric.wrl
      (at (xyz 0 0 0))
      (scale (xyz 1 1 1))
      (rotate (xyz 0 0 0))
    )
  )

  (module Capacitor_SMD:C_1206_3216Metric_Pad1.42x1.75mm_HandSolder (layer F.Cu) (tedit 5B301BBE) (tstamp 5D107A52)
    (at 114.705001 132.225001)
    (descr "Capacitor SMD 1206 (3216 Metric), square (rectangular) end terminal, IPC_7351 nominal with elongated pad for handsoldering. (Body size source: http://www.tortai-tech.com/upload/download/2011102023233369053.pdf), generated with kicad-footprint-generator")
    (tags "capacitor handsolder")
    (path /5DCC5839)
    (attr smd)
    (fp_text reference C2 (at 0 -1.82) (layer F.SilkS)
      (effects (font (size 1 1) (thickness 0.15)))
    )
    (fp_text value 22p (at 0 1.82) (layer F.Fab)
      (effects (font (size 1 1) (thickness 0.15)))
    )
    (fp_line (start -1.6 0.8) (end -1.6 -0.8) (layer F.Fab) (width 0.1))
    (fp_line (start -1.6 -0.8) (end 1.6 -0.8) (layer F.Fab) (width 0.1))
    (fp_line (start 1.6 -0.8) (end 1.6 0.8) (layer F.Fab) (width 0.1))
    (fp_line (start 1.6 0.8) (end -1.6 0.8) (layer F.Fab) (width 0.1))
    (fp_line (start -0.602064 -0.91) (end 0.602064 -0.91) (layer F.SilkS) (width 0.12))
    (fp_line (start -0.602064 0.91) (end 0.602064 0.91) (layer F.SilkS) (width 0.12))
    (fp_line (start -2.45 1.12) (end -2.45 -1.12) (layer F.CrtYd) (width 0.05))
    (fp_line (start -2.45 -1.12) (end 2.45 -1.12) (layer F.CrtYd) (width 0.05))
    (fp_line (start 2.45 -1.12) (end 2.45 1.12) (layer F.CrtYd) (width 0.05))
    (fp_line (start 2.45 1.12) (end -2.45 1.12) (layer F.CrtYd) (width 0.05))
    (fp_text user %R (at 0 0) (layer F.Fab)
      (effects (font (size 0.8 0.8) (thickness 0.12)))
    )
    (pad 1 smd roundrect (at -1.4875 0) (size 1.425 1.75) (layers F.Cu F.Paste F.Mask) (roundrect_rratio 0.175439)
      (net 2 GND))
    (pad 2 smd roundrect (at 1.4875 0) (size 1.425 1.75) (layers F.Cu F.Paste F.Mask) (roundrect_rratio 0.175439)
      (net 3 XTAL2))
    (model ${KISYS3DMOD}/Capacitor_SMD.3dshapes/C_1206_3216Metric.wrl
      (at (xyz 0 0 0))
      (scale (xyz 1 1 1))
      (rotate (xyz 0 0 0))
    )
  )

  (module Capacitor_SMD:C_1206_3216Metric_Pad1.42x1.75mm_HandSolder (layer F.Cu) (tedit 5B301BBE) (tstamp 5D107A63)
    (at 108.755001 132.225001)
    (descr "Capacitor SMD 1206 (3216 Metric), square (rectangular) end terminal, IPC_7351 nominal with elongated pad for handsoldering. (Body size source: http://www.tortai-tech.com/upload/download/2011102023233369053.pdf), generated with kicad-footprint-generator")
    (tags "capacitor handsolder")
    (path /5DD8B658)
    (attr smd)
    (fp_text reference C3 (at 0 -1.82) (layer F.SilkS)
      (effects (font (size 1 1) (thickness 0.15)))
    )
    (fp_text value 0.1u (at 0 1.82) (layer F.Fab)
      (effects (font (size 1 1) (thickness 0.15)))
    )
    (fp_line (start -1.6 0.8) (end -1.6 -0.8) (layer F.Fab) (width 0.1))
    (fp_line (start -1.6 -0.8) (end 1.6 -0.8) (layer F.Fab) (width 0.1))
    (fp_line (start 1.6 -0.8) (end 1.6 0.8) (layer F.Fab) (width 0.1))
    (fp_line (start 1.6 0.8) (end -1.6 0.8) (layer F.Fab) (width 0.1))
    (fp_line (start -0.602064 -0.91) (end 0.602064 -0.91) (layer F.SilkS) (width 0.12))
    (fp_line (start -0.602064 0.91) (end 0.602064 0.91) (layer F.SilkS) (width 0.12))
    (fp_line (start -2.45 1.12) (end -2.45 -1.12) (layer F.CrtYd) (width 0.05))
    (fp_line (start -2.45 -1.12) (end 2.45 -1.12) (layer F.CrtYd) (width 0.05))
    (fp_line (start 2.45 -1.12) (end 2.45 1.12) (layer F.CrtYd) (width 0.05))
    (fp_line (start 2.45 1.12) (end -2.45 1.12) (layer F.CrtYd) (width 0.05))
    (fp_text user %R (at 0 0) (layer F.Fab)
      (effects (font (size 0.8 0.8) (thickness 0.12)))
    )
    (pad 1 smd roundrect (at -1.4875 0) (size 1.425 1.75) (layers F.Cu F.Paste F.Mask) (roundrect_rratio 0.175439)
      (net 4 "Net-(C3-Pad1)"))
    (pad 2 smd roundrect (at 1.4875 0) (size 1.425 1.75) (layers F.Cu F.Paste F.Mask) (roundrect_rratio 0.175439)
      (net 2 GND))
    (model ${KISYS3DMOD}/Capacitor_SMD.3dshapes/C_1206_3216Metric.wrl
      (at (xyz 0 0 0))
      (scale (xyz 1 1 1))
      (rotate (xyz 0 0 0))
    )
  )

  (module Capacitor_SMD:C_1206_3216Metric_Pad1.42x1.75mm_HandSolder (layer F.Cu) (tedit 5B301BBE) (tstamp 5D107A74)
    (at 93.605001 136.525001)
    (descr "Capacitor SMD 1206 (3216 Metric), square (rectangular) end terminal, IPC_7351 nominal with elongated pad for handsoldering. (Body size source: http://www.tortai-tech.com/upload/download/2011102023233369053.pdf), generated with kicad-footprint-generator")
    (tags "capacitor handsolder")
    (path /5DDCC924)
    (attr smd)
    (fp_text reference C4 (at 0 -1.82) (layer F.SilkS)
      (effects (font (size 1 1) (thickness 0.15)))
    )
    (fp_text value 1u (at 0 1.82) (layer F.Fab)
      (effects (font (size 1 1) (thickness 0.15)))
    )
    (fp_text user %R (at 0 0) (layer F.Fab)
      (effects (font (size 0.8 0.8) (thickness 0.12)))
    )
    (fp_line (start 2.45 1.12) (end -2.45 1.12) (layer F.CrtYd) (width 0.05))
    (fp_line (start 2.45 -1.12) (end 2.45 1.12) (layer F.CrtYd) (width 0.05))
    (fp_line (start -2.45 -1.12) (end 2.45 -1.12) (layer F.CrtYd) (width 0.05))
    (fp_line (start -2.45 1.12) (end -2.45 -1.12) (layer F.CrtYd) (width 0.05))
    (fp_line (start -0.602064 0.91) (end 0.602064 0.91) (layer F.SilkS) (width 0.12))
    (fp_line (start -0.602064 -0.91) (end 0.602064 -0.91) (layer F.SilkS) (width 0.12))
    (fp_line (start 1.6 0.8) (end -1.6 0.8) (layer F.Fab) (width 0.1))
    (fp_line (start 1.6 -0.8) (end 1.6 0.8) (layer F.Fab) (width 0.1))
    (fp_line (start -1.6 -0.8) (end 1.6 -0.8) (layer F.Fab) (width 0.1))
    (fp_line (start -1.6 0.8) (end -1.6 -0.8) (layer F.Fab) (width 0.1))
    (pad 2 smd roundrect (at 1.4875 0) (size 1.425 1.75) (layers F.Cu F.Paste F.Mask) (roundrect_rratio 0.175439)
      (net 2 GND))
    (pad 1 smd roundrect (at -1.4875 0) (size 1.425 1.75) (layers F.Cu F.Paste F.Mask) (roundrect_rratio 0.175439)
      (net 5 "Net-(C4-Pad1)"))
    (model ${KISYS3DMOD}/Capacitor_SMD.3dshapes/C_1206_3216Metric.wrl
      (at (xyz 0 0 0))
      (scale (xyz 1 1 1))
      (rotate (xyz 0 0 0))
    )
  )

  (module Capacitor_SMD:C_1206_3216Metric_Pad1.42x1.75mm_HandSolder (layer F.Cu) (tedit 5B301BBE) (tstamp 5D107A85)
    (at 87.655001 136.525001)
    (descr "Capacitor SMD 1206 (3216 Metric), square (rectangular) end terminal, IPC_7351 nominal with elongated pad for handsoldering. (Body size source: http://www.tortai-tech.com/upload/download/2011102023233369053.pdf), generated with kicad-footprint-generator")
    (tags "capacitor handsolder")
    (path /5D47F3FE)
    (attr smd)
    (fp_text reference C5 (at 0 -1.82) (layer F.SilkS)
      (effects (font (size 1 1) (thickness 0.15)))
    )
    (fp_text value 0.1u (at 0 1.82) (layer F.Fab)
      (effects (font (size 1 1) (thickness 0.15)))
    )
    (fp_line (start -1.6 0.8) (end -1.6 -0.8) (layer F.Fab) (width 0.1))
    (fp_line (start -1.6 -0.8) (end 1.6 -0.8) (layer F.Fab) (width 0.1))
    (fp_line (start 1.6 -0.8) (end 1.6 0.8) (layer F.Fab) (width 0.1))
    (fp_line (start 1.6 0.8) (end -1.6 0.8) (layer F.Fab) (width 0.1))
    (fp_line (start -0.602064 -0.91) (end 0.602064 -0.91) (layer F.SilkS) (width 0.12))
    (fp_line (start -0.602064 0.91) (end 0.602064 0.91) (layer F.SilkS) (width 0.12))
    (fp_line (start -2.45 1.12) (end -2.45 -1.12) (layer F.CrtYd) (width 0.05))
    (fp_line (start -2.45 -1.12) (end 2.45 -1.12) (layer F.CrtYd) (width 0.05))
    (fp_line (start 2.45 -1.12) (end 2.45 1.12) (layer F.CrtYd) (width 0.05))
    (fp_line (start 2.45 1.12) (end -2.45 1.12) (layer F.CrtYd) (width 0.05))
    (fp_text user %R (at 0 0) (layer F.Fab)
      (effects (font (size 0.8 0.8) (thickness 0.12)))
    )
    (pad 1 smd roundrect (at -1.4875 0) (size 1.425 1.75) (layers F.Cu F.Paste F.Mask) (roundrect_rratio 0.175439)
      (net 6 VCC))
    (pad 2 smd roundrect (at 1.4875 0) (size 1.425 1.75) (layers F.Cu F.Paste F.Mask) (roundrect_rratio 0.175439)
      (net 2 GND))
    (model ${KISYS3DMOD}/Capacitor_SMD.3dshapes/C_1206_3216Metric.wrl
      (at (xyz 0 0 0))
      (scale (xyz 1 1 1))
      (rotate (xyz 0 0 0))
    )
  )

  (module Capacitor_SMD:C_1206_3216Metric_Pad1.42x1.75mm_HandSolder (layer F.Cu) (tedit 5B301BBE) (tstamp 5D107A96)
    (at 106.77 125.37)
    (descr "Capacitor SMD 1206 (3216 Metric), square (rectangular) end terminal, IPC_7351 nominal with elongated pad for handsoldering. (Body size source: http://www.tortai-tech.com/upload/download/2011102023233369053.pdf), generated with kicad-footprint-generator")
    (tags "capacitor handsolder")
    (path /5D4807A1)
    (attr smd)
    (fp_text reference C6 (at 0 -1.82) (layer F.SilkS)
      (effects (font (size 1 1) (thickness 0.15)))
    )
    (fp_text value 0.1u (at 0 1.82) (layer F.Fab)
      (effects (font (size 1 1) (thickness 0.15)))
    )
    (fp_line (start -1.6 0.8) (end -1.6 -0.8) (layer F.Fab) (width 0.1))
    (fp_line (start -1.6 -0.8) (end 1.6 -0.8) (layer F.Fab) (width 0.1))
    (fp_line (start 1.6 -0.8) (end 1.6 0.8) (layer F.Fab) (width 0.1))
    (fp_line (start 1.6 0.8) (end -1.6 0.8) (layer F.Fab) (width 0.1))
    (fp_line (start -0.602064 -0.91) (end 0.602064 -0.91) (layer F.SilkS) (width 0.12))
    (fp_line (start -0.602064 0.91) (end 0.602064 0.91) (layer F.SilkS) (width 0.12))
    (fp_line (start -2.45 1.12) (end -2.45 -1.12) (layer F.CrtYd) (width 0.05))
    (fp_line (start -2.45 -1.12) (end 2.45 -1.12) (layer F.CrtYd) (width 0.05))
    (fp_line (start 2.45 -1.12) (end 2.45 1.12) (layer F.CrtYd) (width 0.05))
    (fp_line (start 2.45 1.12) (end -2.45 1.12) (layer F.CrtYd) (width 0.05))
    (fp_text user %R (at 0 0) (layer F.Fab)
      (effects (font (size 0.8 0.8) (thickness 0.12)))
    )
    (pad 1 smd roundrect (at -1.4875 0) (size 1.425 1.75) (layers F.Cu F.Paste F.Mask) (roundrect_rratio 0.175439)
      (net 6 VCC))
    (pad 2 smd roundrect (at 1.4875 0) (size 1.425 1.75) (layers F.Cu F.Paste F.Mask) (roundrect_rratio 0.175439)
      (net 2 GND))
    (model ${KISYS3DMOD}/Capacitor_SMD.3dshapes/C_1206_3216Metric.wrl
      (at (xyz 0 0 0))
      (scale (xyz 1 1 1))
      (rotate (xyz 0 0 0))
    )
  )

  (module Capacitor_SMD:C_1206_3216Metric_Pad1.42x1.75mm_HandSolder (layer F.Cu) (tedit 5B301BBE) (tstamp 5D10861B)
    (at 91.580001 116.360001)
    (descr "Capacitor SMD 1206 (3216 Metric), square (rectangular) end terminal, IPC_7351 nominal with elongated pad for handsoldering. (Body size source: http://www.tortai-tech.com/upload/download/2011102023233369053.pdf), generated with kicad-footprint-generator")
    (tags "capacitor handsolder")
    (path /5D480E80)
    (attr smd)
    (fp_text reference C7 (at 0 -1.82) (layer F.SilkS)
      (effects (font (size 1 1) (thickness 0.15)))
    )
    (fp_text value 0.1u (at 0 1.82) (layer F.Fab)
      (effects (font (size 1 1) (thickness 0.15)))
    )
    (fp_text user %R (at 0 0) (layer F.Fab)
      (effects (font (size 0.8 0.8) (thickness 0.12)))
    )
    (fp_line (start 2.45 1.12) (end -2.45 1.12) (layer F.CrtYd) (width 0.05))
    (fp_line (start 2.45 -1.12) (end 2.45 1.12) (layer F.CrtYd) (width 0.05))
    (fp_line (start -2.45 -1.12) (end 2.45 -1.12) (layer F.CrtYd) (width 0.05))
    (fp_line (start -2.45 1.12) (end -2.45 -1.12) (layer F.CrtYd) (width 0.05))
    (fp_line (start -0.602064 0.91) (end 0.602064 0.91) (layer F.SilkS) (width 0.12))
    (fp_line (start -0.602064 -0.91) (end 0.602064 -0.91) (layer F.SilkS) (width 0.12))
    (fp_line (start 1.6 0.8) (end -1.6 0.8) (layer F.Fab) (width 0.1))
    (fp_line (start 1.6 -0.8) (end 1.6 0.8) (layer F.Fab) (width 0.1))
    (fp_line (start -1.6 -0.8) (end 1.6 -0.8) (layer F.Fab) (width 0.1))
    (fp_line (start -1.6 0.8) (end -1.6 -0.8) (layer F.Fab) (width 0.1))
    (pad 2 smd roundrect (at 1.4875 0) (size 1.425 1.75) (layers F.Cu F.Paste F.Mask) (roundrect_rratio 0.175439)
      (net 2 GND))
    (pad 1 smd roundrect (at -1.4875 0) (size 1.425 1.75) (layers F.Cu F.Paste F.Mask) (roundrect_rratio 0.175439)
      (net 6 VCC))
    (model ${KISYS3DMOD}/Capacitor_SMD.3dshapes/C_1206_3216Metric.wrl
      (at (xyz 0 0 0))
      (scale (xyz 1 1 1))
      (rotate (xyz 0 0 0))
    )
  )

  (module Capacitor_SMD:C_1206_3216Metric_Pad1.42x1.75mm_HandSolder (layer F.Cu) (tedit 5B301BBE) (tstamp 5D10864B)
    (at 97.530001 116.360001)
    (descr "Capacitor SMD 1206 (3216 Metric), square (rectangular) end terminal, IPC_7351 nominal with elongated pad for handsoldering. (Body size source: http://www.tortai-tech.com/upload/download/2011102023233369053.pdf), generated with kicad-footprint-generator")
    (tags "capacitor handsolder")
    (path /5D4816F1)
    (attr smd)
    (fp_text reference C8 (at 0 -1.82) (layer F.SilkS)
      (effects (font (size 1 1) (thickness 0.15)))
    )
    (fp_text value 0.1u (at 0 1.82) (layer F.Fab)
      (effects (font (size 1 1) (thickness 0.15)))
    )
    (fp_line (start -1.6 0.8) (end -1.6 -0.8) (layer F.Fab) (width 0.1))
    (fp_line (start -1.6 -0.8) (end 1.6 -0.8) (layer F.Fab) (width 0.1))
    (fp_line (start 1.6 -0.8) (end 1.6 0.8) (layer F.Fab) (width 0.1))
    (fp_line (start 1.6 0.8) (end -1.6 0.8) (layer F.Fab) (width 0.1))
    (fp_line (start -0.602064 -0.91) (end 0.602064 -0.91) (layer F.SilkS) (width 0.12))
    (fp_line (start -0.602064 0.91) (end 0.602064 0.91) (layer F.SilkS) (width 0.12))
    (fp_line (start -2.45 1.12) (end -2.45 -1.12) (layer F.CrtYd) (width 0.05))
    (fp_line (start -2.45 -1.12) (end 2.45 -1.12) (layer F.CrtYd) (width 0.05))
    (fp_line (start 2.45 -1.12) (end 2.45 1.12) (layer F.CrtYd) (width 0.05))
    (fp_line (start 2.45 1.12) (end -2.45 1.12) (layer F.CrtYd) (width 0.05))
    (fp_text user %R (at 0 0) (layer F.Fab)
      (effects (font (size 0.8 0.8) (thickness 0.12)))
    )
    (pad 1 smd roundrect (at -1.4875 0) (size 1.425 1.75) (layers F.Cu F.Paste F.Mask) (roundrect_rratio 0.175439)
      (net 6 VCC))
    (pad 2 smd roundrect (at 1.4875 0) (size 1.425 1.75) (layers F.Cu F.Paste F.Mask) (roundrect_rratio 0.175439)
      (net 2 GND))
    (model ${KISYS3DMOD}/Capacitor_SMD.3dshapes/C_1206_3216Metric.wrl
      (at (xyz 0 0 0))
      (scale (xyz 1 1 1))
      (rotate (xyz 0 0 0))
    )
  )

  (module Capacitor_SMD:C_1206_3216Metric_Pad1.42x1.75mm_HandSolder (layer F.Cu) (tedit 5B301BBE) (tstamp 5D10867B)
    (at 91.580001 119.650001)
    (descr "Capacitor SMD 1206 (3216 Metric), square (rectangular) end terminal, IPC_7351 nominal with elongated pad for handsoldering. (Body size source: http://www.tortai-tech.com/upload/download/2011102023233369053.pdf), generated with kicad-footprint-generator")
    (tags "capacitor handsolder")
    (path /5D481DE7)
    (attr smd)
    (fp_text reference C9 (at 0 -1.82) (layer F.SilkS)
      (effects (font (size 1 1) (thickness 0.15)))
    )
    (fp_text value 4.7u (at 0 1.82) (layer F.Fab)
      (effects (font (size 1 1) (thickness 0.15)))
    )
    (fp_text user %R (at 0 0) (layer F.Fab)
      (effects (font (size 0.8 0.8) (thickness 0.12)))
    )
    (fp_line (start 2.45 1.12) (end -2.45 1.12) (layer F.CrtYd) (width 0.05))
    (fp_line (start 2.45 -1.12) (end 2.45 1.12) (layer F.CrtYd) (width 0.05))
    (fp_line (start -2.45 -1.12) (end 2.45 -1.12) (layer F.CrtYd) (width 0.05))
    (fp_line (start -2.45 1.12) (end -2.45 -1.12) (layer F.CrtYd) (width 0.05))
    (fp_line (start -0.602064 0.91) (end 0.602064 0.91) (layer F.SilkS) (width 0.12))
    (fp_line (start -0.602064 -0.91) (end 0.602064 -0.91) (layer F.SilkS) (width 0.12))
    (fp_line (start 1.6 0.8) (end -1.6 0.8) (layer F.Fab) (width 0.1))
    (fp_line (start 1.6 -0.8) (end 1.6 0.8) (layer F.Fab) (width 0.1))
    (fp_line (start -1.6 -0.8) (end 1.6 -0.8) (layer F.Fab) (width 0.1))
    (fp_line (start -1.6 0.8) (end -1.6 -0.8) (layer F.Fab) (width 0.1))
    (pad 2 smd roundrect (at 1.4875 0) (size 1.425 1.75) (layers F.Cu F.Paste F.Mask) (roundrect_rratio 0.175439)
      (net 2 GND))
    (pad 1 smd roundrect (at -1.4875 0) (size 1.425 1.75) (layers F.Cu F.Paste F.Mask) (roundrect_rratio 0.175439)
      (net 6 VCC))
    (model ${KISYS3DMOD}/Capacitor_SMD.3dshapes/C_1206_3216Metric.wrl
      (at (xyz 0 0 0))
      (scale (xyz 1 1 1))
      (rotate (xyz 0 0 0))
    )
  )

  (module Diode_SMD:D_SOD-123F (layer B.Cu) (tedit 587F7769) (tstamp 5D107AE2)
    (at 30.48 41.91 270)
    (descr D_SOD-123F)
    (tags D_SOD-123F)
    (path /5CFBCDF1)
    (attr smd)
    (fp_text reference D1 (at -0.127 1.905 90) (layer B.SilkS)
      (effects (font (size 1 1) (thickness 0.15)) (justify mirror))
    )
    (fp_text value D_Small (at 0 -2.1 90) (layer B.Fab)
      (effects (font (size 1 1) (thickness 0.15)) (justify mirror))
    )
    (fp_text user %R (at -0.127 1.905 90) (layer B.Fab)
      (effects (font (size 1 1) (thickness 0.15)) (justify mirror))
    )
    (fp_line (start -2.2 1) (end -2.2 -1) (layer B.SilkS) (width 0.12))
    (fp_line (start 0.25 0) (end 0.75 0) (layer B.Fab) (width 0.1))
    (fp_line (start 0.25 -0.4) (end -0.35 0) (layer B.Fab) (width 0.1))
    (fp_line (start 0.25 0.4) (end 0.25 -0.4) (layer B.Fab) (width 0.1))
    (fp_line (start -0.35 0) (end 0.25 0.4) (layer B.Fab) (width 0.1))
    (fp_line (start -0.35 0) (end -0.35 -0.55) (layer B.Fab) (width 0.1))
    (fp_line (start -0.35 0) (end -0.35 0.55) (layer B.Fab) (width 0.1))
    (fp_line (start -0.75 0) (end -0.35 0) (layer B.Fab) (width 0.1))
    (fp_line (start -1.4 -0.9) (end -1.4 0.9) (layer B.Fab) (width 0.1))
    (fp_line (start 1.4 -0.9) (end -1.4 -0.9) (layer B.Fab) (width 0.1))
    (fp_line (start 1.4 0.9) (end 1.4 -0.9) (layer B.Fab) (width 0.1))
    (fp_line (start -1.4 0.9) (end 1.4 0.9) (layer B.Fab) (width 0.1))
    (fp_line (start -2.2 1.15) (end 2.2 1.15) (layer B.CrtYd) (width 0.05))
    (fp_line (start 2.2 1.15) (end 2.2 -1.15) (layer B.CrtYd) (width 0.05))
    (fp_line (start 2.2 -1.15) (end -2.2 -1.15) (layer B.CrtYd) (width 0.05))
    (fp_line (start -2.2 1.15) (end -2.2 -1.15) (layer B.CrtYd) (width 0.05))
    (fp_line (start -2.2 -1) (end 1.65 -1) (layer B.SilkS) (width 0.12))
    (fp_line (start -2.2 1) (end 1.65 1) (layer B.SilkS) (width 0.12))
    (pad 1 smd rect (at -1.4 0 270) (size 1.1 1.1) (layers B.Cu B.Paste B.Mask)
      (net 7 "Net-(D1-Pad1)"))
    (pad 2 smd rect (at 1.4 0 270) (size 1.1 1.1) (layers B.Cu B.Paste B.Mask)
      (net 8 R0))
    (model ${KISYS3DMOD}/Diode_SMD.3dshapes/D_SOD-123F.wrl
      (at (xyz 0 0 0))
      (scale (xyz 1 1 1))
      (rotate (xyz 0 0 0))
    )
  )

  (module Diode_SMD:D_SOD-123F (layer B.Cu) (tedit 587F7769) (tstamp 5D107851)
    (at 49.53 41.91 270)
    (descr D_SOD-123F)
    (tags D_SOD-123F)
    (path /5CFD51A8)
    (attr smd)
    (fp_text reference D2 (at -0.127 1.905 90) (layer B.SilkS)
      (effects (font (size 1 1) (thickness 0.15)) (justify mirror))
    )
    (fp_text value D_Small (at 0 -2.1 90) (layer B.Fab)
      (effects (font (size 1 1) (thickness 0.15)) (justify mirror))
    )
    (fp_text user %R (at -0.127 1.905 90) (layer B.Fab)
      (effects (font (size 1 1) (thickness 0.15)) (justify mirror))
    )
    (fp_line (start -2.2 1) (end -2.2 -1) (layer B.SilkS) (width 0.12))
    (fp_line (start 0.25 0) (end 0.75 0) (layer B.Fab) (width 0.1))
    (fp_line (start 0.25 -0.4) (end -0.35 0) (layer B.Fab) (width 0.1))
    (fp_line (start 0.25 0.4) (end 0.25 -0.4) (layer B.Fab) (width 0.1))
    (fp_line (start -0.35 0) (end 0.25 0.4) (layer B.Fab) (width 0.1))
    (fp_line (start -0.35 0) (end -0.35 -0.55) (layer B.Fab) (width 0.1))
    (fp_line (start -0.35 0) (end -0.35 0.55) (layer B.Fab) (width 0.1))
    (fp_line (start -0.75 0) (end -0.35 0) (layer B.Fab) (width 0.1))
    (fp_line (start -1.4 -0.9) (end -1.4 0.9) (layer B.Fab) (width 0.1))
    (fp_line (start 1.4 -0.9) (end -1.4 -0.9) (layer B.Fab) (width 0.1))
    (fp_line (start 1.4 0.9) (end 1.4 -0.9) (layer B.Fab) (width 0.1))
    (fp_line (start -1.4 0.9) (end 1.4 0.9) (layer B.Fab) (width 0.1))
    (fp_line (start -2.2 1.15) (end 2.2 1.15) (layer B.CrtYd) (width 0.05))
    (fp_line (start 2.2 1.15) (end 2.2 -1.15) (layer B.CrtYd) (width 0.05))
    (fp_line (start 2.2 -1.15) (end -2.2 -1.15) (layer B.CrtYd) (width 0.05))
    (fp_line (start -2.2 1.15) (end -2.2 -1.15) (layer B.CrtYd) (width 0.05))
    (fp_line (start -2.2 -1) (end 1.65 -1) (layer B.SilkS) (width 0.12))
    (fp_line (start -2.2 1) (end 1.65 1) (layer B.SilkS) (width 0.12))
    (pad 1 smd rect (at -1.4 0 270) (size 1.1 1.1) (layers B.Cu B.Paste B.Mask)
      (net 9 "Net-(D2-Pad1)"))
    (pad 2 smd rect (at 1.4 0 270) (size 1.1 1.1) (layers B.Cu B.Paste B.Mask)
      (net 8 R0))
    (model ${KISYS3DMOD}/Diode_SMD.3dshapes/D_SOD-123F.wrl
      (at (xyz 0 0 0))
      (scale (xyz 1 1 1))
      (rotate (xyz 0 0 0))
    )
  )

  (module Diode_SMD:D_SOD-123F (layer B.Cu) (tedit 587F7769) (tstamp 5D107B14)
    (at 68.58 41.91 270)
    (descr D_SOD-123F)
    (tags D_SOD-123F)
    (path /5D04D70B)
    (attr smd)
    (fp_text reference D3 (at -0.127 1.905 90) (layer B.SilkS)
      (effects (font (size 1 1) (thickness 0.15)) (justify mirror))
    )
    (fp_text value D_Small (at 0 -2.1 90) (layer B.Fab)
      (effects (font (size 1 1) (thickness 0.15)) (justify mirror))
    )
    (fp_text user %R (at -0.127 1.905 90) (layer B.Fab)
      (effects (font (size 1 1) (thickness 0.15)) (justify mirror))
    )
    (fp_line (start -2.2 1) (end -2.2 -1) (layer B.SilkS) (width 0.12))
    (fp_line (start 0.25 0) (end 0.75 0) (layer B.Fab) (width 0.1))
    (fp_line (start 0.25 -0.4) (end -0.35 0) (layer B.Fab) (width 0.1))
    (fp_line (start 0.25 0.4) (end 0.25 -0.4) (layer B.Fab) (width 0.1))
    (fp_line (start -0.35 0) (end 0.25 0.4) (layer B.Fab) (width 0.1))
    (fp_line (start -0.35 0) (end -0.35 -0.55) (layer B.Fab) (width 0.1))
    (fp_line (start -0.35 0) (end -0.35 0.55) (layer B.Fab) (width 0.1))
    (fp_line (start -0.75 0) (end -0.35 0) (layer B.Fab) (width 0.1))
    (fp_line (start -1.4 -0.9) (end -1.4 0.9) (layer B.Fab) (width 0.1))
    (fp_line (start 1.4 -0.9) (end -1.4 -0.9) (layer B.Fab) (width 0.1))
    (fp_line (start 1.4 0.9) (end 1.4 -0.9) (layer B.Fab) (width 0.1))
    (fp_line (start -1.4 0.9) (end 1.4 0.9) (layer B.Fab) (width 0.1))
    (fp_line (start -2.2 1.15) (end 2.2 1.15) (layer B.CrtYd) (width 0.05))
    (fp_line (start 2.2 1.15) (end 2.2 -1.15) (layer B.CrtYd) (width 0.05))
    (fp_line (start 2.2 -1.15) (end -2.2 -1.15) (layer B.CrtYd) (width 0.05))
    (fp_line (start -2.2 1.15) (end -2.2 -1.15) (layer B.CrtYd) (width 0.05))
    (fp_line (start -2.2 -1) (end 1.65 -1) (layer B.SilkS) (width 0.12))
    (fp_line (start -2.2 1) (end 1.65 1) (layer B.SilkS) (width 0.12))
    (pad 1 smd rect (at -1.4 0 270) (size 1.1 1.1) (layers B.Cu B.Paste B.Mask)
      (net 10 "Net-(D3-Pad1)"))
    (pad 2 smd rect (at 1.4 0 270) (size 1.1 1.1) (layers B.Cu B.Paste B.Mask)
      (net 8 R0))
    (model ${KISYS3DMOD}/Diode_SMD.3dshapes/D_SOD-123F.wrl
      (at (xyz 0 0 0))
      (scale (xyz 1 1 1))
      (rotate (xyz 0 0 0))
    )
  )

  (module Diode_SMD:D_SOD-123F (layer B.Cu) (tedit 587F7769) (tstamp 5D107B2D)
    (at 87.63 41.91 270)
    (descr D_SOD-123F)
    (tags D_SOD-123F)
    (path /5D04D6E3)
    (attr smd)
    (fp_text reference D4 (at -0.127 1.905 270) (layer B.SilkS)
      (effects (font (size 1 1) (thickness 0.15)) (justify mirror))
    )
    (fp_text value D_Small (at 0 -2.1 270) (layer B.Fab)
      (effects (font (size 1 1) (thickness 0.15)) (justify mirror))
    )
    (fp_line (start -2.2 1) (end 1.65 1) (layer B.SilkS) (width 0.12))
    (fp_line (start -2.2 -1) (end 1.65 -1) (layer B.SilkS) (width 0.12))
    (fp_line (start -2.2 1.15) (end -2.2 -1.15) (layer B.CrtYd) (width 0.05))
    (fp_line (start 2.2 -1.15) (end -2.2 -1.15) (layer B.CrtYd) (width 0.05))
    (fp_line (start 2.2 1.15) (end 2.2 -1.15) (layer B.CrtYd) (width 0.05))
    (fp_line (start -2.2 1.15) (end 2.2 1.15) (layer B.CrtYd) (width 0.05))
    (fp_line (start -1.4 0.9) (end 1.4 0.9) (layer B.Fab) (width 0.1))
    (fp_line (start 1.4 0.9) (end 1.4 -0.9) (layer B.Fab) (width 0.1))
    (fp_line (start 1.4 -0.9) (end -1.4 -0.9) (layer B.Fab) (width 0.1))
    (fp_line (start -1.4 -0.9) (end -1.4 0.9) (layer B.Fab) (width 0.1))
    (fp_line (start -0.75 0) (end -0.35 0) (layer B.Fab) (width 0.1))
    (fp_line (start -0.35 0) (end -0.35 0.55) (layer B.Fab) (width 0.1))
    (fp_line (start -0.35 0) (end -0.35 -0.55) (layer B.Fab) (width 0.1))
    (fp_line (start -0.35 0) (end 0.25 0.4) (layer B.Fab) (width 0.1))
    (fp_line (start 0.25 0.4) (end 0.25 -0.4) (layer B.Fab) (width 0.1))
    (fp_line (start 0.25 -0.4) (end -0.35 0) (layer B.Fab) (width 0.1))
    (fp_line (start 0.25 0) (end 0.75 0) (layer B.Fab) (width 0.1))
    (fp_line (start -2.2 1) (end -2.2 -1) (layer B.SilkS) (width 0.12))
    (fp_text user %R (at -0.127 1.905 270) (layer B.Fab)
      (effects (font (size 1 1) (thickness 0.15)) (justify mirror))
    )
    (pad 2 smd rect (at 1.4 0 270) (size 1.1 1.1) (layers B.Cu B.Paste B.Mask)
      (net 8 R0))
    (pad 1 smd rect (at -1.4 0 270) (size 1.1 1.1) (layers B.Cu B.Paste B.Mask)
      (net 11 "Net-(D4-Pad1)"))
    (model ${KISYS3DMOD}/Diode_SMD.3dshapes/D_SOD-123F.wrl
      (at (xyz 0 0 0))
      (scale (xyz 1 1 1))
      (rotate (xyz 0 0 0))
    )
  )

  (module Diode_SMD:D_SOD-123F (layer B.Cu) (tedit 587F7769) (tstamp 5D107B46)
    (at 106.68 41.91 270)
    (descr D_SOD-123F)
    (tags D_SOD-123F)
    (path /5D05D092)
    (attr smd)
    (fp_text reference D5 (at -0.127 1.905 90) (layer B.SilkS)
      (effects (font (size 1 1) (thickness 0.15)) (justify mirror))
    )
    (fp_text value D_Small (at 0 -2.1 90) (layer B.Fab)
      (effects (font (size 1 1) (thickness 0.15)) (justify mirror))
    )
    (fp_line (start -2.2 1) (end 1.65 1) (layer B.SilkS) (width 0.12))
    (fp_line (start -2.2 -1) (end 1.65 -1) (layer B.SilkS) (width 0.12))
    (fp_line (start -2.2 1.15) (end -2.2 -1.15) (layer B.CrtYd) (width 0.05))
    (fp_line (start 2.2 -1.15) (end -2.2 -1.15) (layer B.CrtYd) (width 0.05))
    (fp_line (start 2.2 1.15) (end 2.2 -1.15) (layer B.CrtYd) (width 0.05))
    (fp_line (start -2.2 1.15) (end 2.2 1.15) (layer B.CrtYd) (width 0.05))
    (fp_line (start -1.4 0.9) (end 1.4 0.9) (layer B.Fab) (width 0.1))
    (fp_line (start 1.4 0.9) (end 1.4 -0.9) (layer B.Fab) (width 0.1))
    (fp_line (start 1.4 -0.9) (end -1.4 -0.9) (layer B.Fab) (width 0.1))
    (fp_line (start -1.4 -0.9) (end -1.4 0.9) (layer B.Fab) (width 0.1))
    (fp_line (start -0.75 0) (end -0.35 0) (layer B.Fab) (width 0.1))
    (fp_line (start -0.35 0) (end -0.35 0.55) (layer B.Fab) (width 0.1))
    (fp_line (start -0.35 0) (end -0.35 -0.55) (layer B.Fab) (width 0.1))
    (fp_line (start -0.35 0) (end 0.25 0.4) (layer B.Fab) (width 0.1))
    (fp_line (start 0.25 0.4) (end 0.25 -0.4) (layer B.Fab) (width 0.1))
    (fp_line (start 0.25 -0.4) (end -0.35 0) (layer B.Fab) (width 0.1))
    (fp_line (start 0.25 0) (end 0.75 0) (layer B.Fab) (width 0.1))
    (fp_line (start -2.2 1) (end -2.2 -1) (layer B.SilkS) (width 0.12))
    (fp_text user %R (at -0.127 1.905 90) (layer B.Fab)
      (effects (font (size 1 1) (thickness 0.15)) (justify mirror))
    )
    (pad 2 smd rect (at 1.4 0 270) (size 1.1 1.1) (layers B.Cu B.Paste B.Mask)
      (net 8 R0))
    (pad 1 smd rect (at -1.4 0 270) (size 1.1 1.1) (layers B.Cu B.Paste B.Mask)
      (net 12 "Net-(D5-Pad1)"))
    (model ${KISYS3DMOD}/Diode_SMD.3dshapes/D_SOD-123F.wrl
      (at (xyz 0 0 0))
      (scale (xyz 1 1 1))
      (rotate (xyz 0 0 0))
    )
  )

  (module Diode_SMD:D_SOD-123F (layer B.Cu) (tedit 587F7769) (tstamp 5D107B5F)
    (at 125.73 41.91 270)
    (descr D_SOD-123F)
    (tags D_SOD-123F)
    (path /5D05D06A)
    (attr smd)
    (fp_text reference D6 (at -0.127 1.905 90) (layer B.SilkS)
      (effects (font (size 1 1) (thickness 0.15)) (justify mirror))
    )
    (fp_text value D_Small (at 0 -2.1 90) (layer B.Fab)
      (effects (font (size 1 1) (thickness 0.15)) (justify mirror))
    )
    (fp_line (start -2.2 1) (end 1.65 1) (layer B.SilkS) (width 0.12))
    (fp_line (start -2.2 -1) (end 1.65 -1) (layer B.SilkS) (width 0.12))
    (fp_line (start -2.2 1.15) (end -2.2 -1.15) (layer B.CrtYd) (width 0.05))
    (fp_line (start 2.2 -1.15) (end -2.2 -1.15) (layer B.CrtYd) (width 0.05))
    (fp_line (start 2.2 1.15) (end 2.2 -1.15) (layer B.CrtYd) (width 0.05))
    (fp_line (start -2.2 1.15) (end 2.2 1.15) (layer B.CrtYd) (width 0.05))
    (fp_line (start -1.4 0.9) (end 1.4 0.9) (layer B.Fab) (width 0.1))
    (fp_line (start 1.4 0.9) (end 1.4 -0.9) (layer B.Fab) (width 0.1))
    (fp_line (start 1.4 -0.9) (end -1.4 -0.9) (layer B.Fab) (width 0.1))
    (fp_line (start -1.4 -0.9) (end -1.4 0.9) (layer B.Fab) (width 0.1))
    (fp_line (start -0.75 0) (end -0.35 0) (layer B.Fab) (width 0.1))
    (fp_line (start -0.35 0) (end -0.35 0.55) (layer B.Fab) (width 0.1))
    (fp_line (start -0.35 0) (end -0.35 -0.55) (layer B.Fab) (width 0.1))
    (fp_line (start -0.35 0) (end 0.25 0.4) (layer B.Fab) (width 0.1))
    (fp_line (start 0.25 0.4) (end 0.25 -0.4) (layer B.Fab) (width 0.1))
    (fp_line (start 0.25 -0.4) (end -0.35 0) (layer B.Fab) (width 0.1))
    (fp_line (start 0.25 0) (end 0.75 0) (layer B.Fab) (width 0.1))
    (fp_line (start -2.2 1) (end -2.2 -1) (layer B.SilkS) (width 0.12))
    (fp_text user %R (at -0.127 1.905 90) (layer B.Fab)
      (effects (font (size 1 1) (thickness 0.15)) (justify mirror))
    )
    (pad 2 smd rect (at 1.4 0 270) (size 1.1 1.1) (layers B.Cu B.Paste B.Mask)
      (net 8 R0))
    (pad 1 smd rect (at -1.4 0 270) (size 1.1 1.1) (layers B.Cu B.Paste B.Mask)
      (net 13 "Net-(D6-Pad1)"))
    (model ${KISYS3DMOD}/Diode_SMD.3dshapes/D_SOD-123F.wrl
      (at (xyz 0 0 0))
      (scale (xyz 1 1 1))
      (rotate (xyz 0 0 0))
    )
  )

  (module Diode_SMD:D_SOD-123F (layer B.Cu) (tedit 587F7769) (tstamp 5D107B78)
    (at 182.88 41.91 270)
    (descr D_SOD-123F)
    (tags D_SOD-123F)
    (path /5D0D852C)
    (attr smd)
    (fp_text reference D7 (at -0.127 1.905 90) (layer B.SilkS)
      (effects (font (size 1 1) (thickness 0.15)) (justify mirror))
    )
    (fp_text value D_Small (at 0 -2.1 90) (layer B.Fab)
      (effects (font (size 1 1) (thickness 0.15)) (justify mirror))
    )
    (fp_line (start -2.2 1) (end 1.65 1) (layer B.SilkS) (width 0.12))
    (fp_line (start -2.2 -1) (end 1.65 -1) (layer B.SilkS) (width 0.12))
    (fp_line (start -2.2 1.15) (end -2.2 -1.15) (layer B.CrtYd) (width 0.05))
    (fp_line (start 2.2 -1.15) (end -2.2 -1.15) (layer B.CrtYd) (width 0.05))
    (fp_line (start 2.2 1.15) (end 2.2 -1.15) (layer B.CrtYd) (width 0.05))
    (fp_line (start -2.2 1.15) (end 2.2 1.15) (layer B.CrtYd) (width 0.05))
    (fp_line (start -1.4 0.9) (end 1.4 0.9) (layer B.Fab) (width 0.1))
    (fp_line (start 1.4 0.9) (end 1.4 -0.9) (layer B.Fab) (width 0.1))
    (fp_line (start 1.4 -0.9) (end -1.4 -0.9) (layer B.Fab) (width 0.1))
    (fp_line (start -1.4 -0.9) (end -1.4 0.9) (layer B.Fab) (width 0.1))
    (fp_line (start -0.75 0) (end -0.35 0) (layer B.Fab) (width 0.1))
